0.7112 3.092e-08  
0.7942 2.521e-08  
0.8798 2.2e-08  
0.9671 1.794e-08  
1.0546 1.6763e-08  
1.1776 1.5313e-08  
1.2842 1.4975e-08  
1.4916 1.3996e-08  
1.692 1.5689e-08  
1.9808 1.643e-08  
2.3743 1.6443e-08  
2.8015 1.4356e-08  
3.1037 1.3416e-08  
3.5485 1.1191e-08  
3.8697 9.992e-09  
4.2201 8.721e-09  
4.6752 7.788e-09  
5.262 6.798e-09  
5.829 5.418e-09  
6.307 4.838e-09  
6.987 4.128e-09  
7.326 3.945e-09  
7.442 4.036e-09  
7.741 4.224e-09  
7.926 4.523e-09  
8.245 4.843e-09  
8.576 5.679e-09  
9.062 6.511e-09  
9.426 8.174e-09  
9.728 8.556e-09  
10.199 7.813e-09  
10.443 7.299e-09  
11.569 5.951e-09  
12.129 5.193e-09  
12.918 4.234e-09  
13.977 4.14e-09  
14.539 4.746e-09  
15.485 5.694e-09  
17.02 7.15e-09  
17.985 8.578e-09  
19.769 9.187e-09  
22.074 8.392e-09  
24.263 7.494e-09  
32.732 6.399e-09  
39.858 6.552e-09  
50.88 6.864e-09  
69.74 6.718e-09  
89.03 4.892e-09  
104.22 3.481e-09  
122.98 2.421e-09  
149.75 1.5379e-09  
173.93 9.991e-10  
195.75 5.793e-10  
240.25 3.068e-10  
279.05 1.7788e-10  
331.86 8.6e-11  
433.81 3.095e-11  
549.5 1.1395e-11  
663.9 5.031e-12  
847.5 1.811e-12  
1040.2 7.467e-13  
1246.8 3.079e-13  
1579.3 9.45e-14  
2048.2 2.772e-14  
2533.8 9.75e-15  
3037.1 4.403e-15  
